0.331759 -0.534431 -0.703081
-0.827165 0.429436 -0.38701
0.160916 0.100479 0.840334
0.708295 -0.446481 -0.732691
0.122501 -0.948438 0.24547
0.220533 -0.403687 0.694118
-0.547849 1.15798 -0.324231
0.899563 0.321114 -0.517453
0.283108 -0.452216 -0.710115
0.210478 0.713309 0.896002
0.729619 0.0944001 -0.811053
0.391396 0.932252 0.658846
-0.782736 0.165873 -0.365087
-0.358824 -1.00756 -0.377273
-0.221267 -0.229222 0.14699
-0.749411 -0.172352 0.681549
0.65149 -0.937257 0.306004
0.456431 0.680798 -0.0936261
-0.490215 0.847432 0.198598
-0.527008 -0.593567 0.619059
0.7937 0.718696 -0.747338
-0.619275 0.757304 0.985013
-0.475434 -0.923308 0.79839
-0.081207 0.454596 -0.594988
-0.683458 1.30261 -0.582192
0.395303 -0.36121 -1.00018
-0.161411 -0.903026 0.837703
-0.163522 -0.774428 -0.201844
0.0612004 0.911934 -0.878622
-0.295014 -0.342726 0.937212
-0.402365 0.495315 -0.109631
0.678647 0.950267 0.271673
-0.688439 0.0583772 -0.887348
0.804834 -0.920282 -0.418867
0.0258195 0.446625 0.159573
0.685744 -0.632543 -0.527671
-0.173451 1.14574 -0.951714
0.851877 0.334625 0.116985
-0.826 -0.357135 -1.01749
-0.340172 -0.875948 -0.584174
-0.0312511 -0.630835 -0.544042
-0.578605 0.0790912 0.242352
0.406539 -1.07539 0.900999
0.452272 -0.477224 0.611283
0.362322 -0.956299 0.0950109
-0.949665 0.343871 0.470226
-0.165639 -0.541583 0.579786
-0.257705 -0.23585 -0.21438
0.638796 0.0225595 -0.434955
-0.41949 -0.42264 0.0836074
-0.535235 0.484462 0.685611
-0.323154 0.598676 0.463208
-0.980996 0.256632 0.272278
-0.149696 0.469192 0.227186
-0.697231 0.25348 -0.825973
1.14688 -0.491569 0.0519258
-0.487521 0.153005 -0.699017
-0.51351 -0.564965 0.462758
-0.052133 -0.764985 0.382888
-0.863495 -0.0588252 0.522053
0.661676 0.251069 -0.124333
-0.912967 -0.621942 -0.205186
0.727521 -0.116524 0.626886
0.566234 0.649059 -0.504026
-0.508758 -0.891494 0.0323167
0.526242 0.302719 0.147926
0.623353 -0.34178 0.409442
-0.35529 0.803533 0.379732
0.337558 -1.04778 0.733354
0.0158453 -0.0899041 -0.314863
0.449524 -0.294395 0.272755
0.313314 0.216413 -0.0205918
0.396084 -0.752652 0.889061
0.71336 0.342354 -0.891345
-0.58785 -0.410849 0.135282
0.246565 0.0892149 0.914406
0.207498 -0.19453 -0.781892
-1.00282 0.859737 0.477937
-0.147777 0.137718 -0.235671
-0.329516 -0.874764 0.691535
0.419615 -0.56465 0.0360235
0.586713 0.695228 0.709646
0.535055 0.0744079 0.490067
1.02854 -0.12267 -0.612977
-0.634672 -0.630165 0.535314
0.510027 0.827155 0.137769
0.698893 -0.41249 0.190705
-0.423866 -0.936315 -0.491228
-0.719683 0.638922 0.178632
0.314057 0.176094 -0.98052
0.679376 0.136013 -0.853681
0.772519 -0.234892 0.0474286
-0.971371 -0.978493 0.274566
0.0947185 -0.832859 0.178945
0.815482 -0.916583 0.628658
-0.291566 0.25718 0.219063
-1.02569 0.29548 0.414567
-0.0690957 0.483162 -0.699815
0.815103 0.965525 -0.400174
0.463665 -0.69196 -0.00684435
-0.391171 -0.251787 0.377681
0.638067 -0.308798 -0.609906
0.848039 0.605028 -0.923333
0.841864 0.705507 -0.375651
-0.532996 -0.172048 -0.669727
-0.728641 0.900126 0.761003
0.228616 -0.0796428 -0.953549
0.283231 0.370003 -0.320877
0.536308 0.683109 0.0717736
0.2421 -0.460102 -0.984278
-1.22418 0.643076 -0.037905
-0.753311 0.817353 -0.739681
0.0976331 1.00686 0.356184
-1.0767 0.431771 0.334016
0.475002 -0.107131 -0.979697
0.822817 -0.768523 -0.318573
-0.299273 0.848102 -0.501784
0.225455 0.0744093 -0.655612
1.15634 -0.293864 -0.461085
-0.473059 -0.520183 0.25293
0.476226 -0.904856 0.657125 0.539124 -0.623545 -0.108783 0.690994 0.109779 -0.525581 0.376326 0.89789 0.45484 -0.802812 -1.12298 0.326798 0.10534 -0.421852 -0.747093 -0.450586 -0.54693 0.221064 -0.324143 0.0377284 -0.264242 0.898679 -0.338129 0.0363925 -0.662109 0.37461 -0.626548 -0.78084 0.0548672 -0.0712699 -0.256207 -0.0306932 -0.154161 0.696109 -0.207207 0.401582 0.035854 0.487425 0.627058 -0.611704 -0.146873 -1.1238 -0.885775 -0.68248 0.535755 0.384406 0.236124 -0.80136 0.770197 -0.433906 0.950981 -0.589157 0.81805 0.0198799 -0.869562 -0.337528 -1.08223 0.39612 0.768603 0.197035 0.756039 -0.348999 0.132946 -0.453888 0.863531 -0.54118 -0.0278075 0.49543 0.856547 -0.622056 0.511936 0.311097 -0.552544 -0.567585 -0.278634 0.655064 -0.485039 -0.590757 -0.209537 -0.350574 0.241687 0.607043 0.11391 0.650437 0.176167 0.605201 0.177865 -0.422134 0.187991 0.288561 0.0553622 -0.187652 0.634923 -1.06543 -0.316149 -0.483873 0.645102 0.390105 -0.118094 0.319689 0.532199 -0.485143 -0.228746 0.11329 0.871007 0.40496 -0.0178732 -1.03904 0.0735883 0.977383 -0.557157 -0.407215 0.0181569 0.503671 0.298565 1.10502 -0.55991 -0.37226
